"MABP" "CBFV" "nu" "cost" "train.cor" "test.cor" "fold"
"1" 7 3 0.6 10000 0.9772 0.615067310582307 1
"2" 7 3 0.5 1024 0.9773 0.612304130431518 1
"3" 7 3 0.5 512 0.9774 0.612302989225249 1
"4" 7 3 0.5 256 0.9773 0.610808065735883 1
"5" 6 3 0.5 1024 0.9774 0.610370492166954 1
"6" 6 3 0.5 512 0.9774 0.610204761413176 1
"7" 7 3 0.7 10000 0.977 0.609499901537153 1
"8" 7 3 0.5 128 0.9774 0.609221863911422 1
"9" 6 3 0.5 256 0.9774 0.608510030454683 1
"10" 7 2 0.5 10000 0.975 0.608361438258847 1
"11" 6 3 0.5 10000 0.9773 0.607150860917806 1
"12" 8 3 0.5 10000 0.9775 0.606630748059234 1
"13" 7 3 0.6 64 0.9774 0.605464725082301 1
"14" 5 1 0.1 8 0.9181 0.60507094649188 1
"15" 7 3 0.6 128 0.9774 0.605006949933518 1
"16" 3 1 0.1 16 0.9187 0.604341740737553 1
"17" 7 3 0.6 32 0.9774 0.604333322540797 1
"18" 8 3 0.7 64 0.9772 0.602700754185402 1
"19" 7 1 0.1 16 0.9176 0.60250423741344 1
"20" 8 3 0.6 32 0.9774 0.602010909104424 1
"21" 4 1 0.1 16 0.9185 0.600858939287083 1
"22" 8 3 0.6 64 0.9774 0.600582225670491 1
"23" 8 3 0.5 1024 0.9774 0.600547144377434 1
"24" 7 3 0.6 256 0.9774 0.600489600356285 1
"25" 8 3 0.6 10000 0.9772 0.600428014671405 1
"26" 6 3 0.4 1024 0.9776 0.600153336408754 1
"27" 8 3 0.6 512 0.9773 0.600091689797351 1
"28" 8 3 0.6 1024 0.9773 0.600057028632158 1
"29" 8 3 0.5 256 0.9774 0.599936620490029 1
"30" 6 3 0.4 512 0.9776 0.599706859881684 1
"31" 8 2 0.6 10000 0.975 0.599633340113422 1
"32" 8 3 0.5 512 0.9774 0.599408484184085 1
"33" 8 2 0.6 128 0.9752 0.599264559162998 1
"34" 7 1 0.1 64 0.9171 0.599231690670851 1
"35" 6 3 0.6 512 0.9774 0.599078668295128 1
"36" 8 3 0.6 16 0.977 0.598955053636538 1
"37" 8 2 0.6 512 0.9752 0.59882019350103 1
"38" 8 3 0.4 1024 0.9774 0.598818534478972 1
"39" 7 3 0.6 512 0.9774 0.598570102831847 1
"40" 7 3 0.5 64 0.9775 0.598004830688791 1
"41" 8 3 0.6 256 0.9774 0.597966513406758 1
"42" 8 2 0.6 256 0.9752 0.597945717956886 1
"43" 7 2 0.6 1024 0.9753 0.597643345098632 1
"44" 6 3 0.6 1024 0.9773 0.597598321035781 1
"45" 7 3 0.7 256 0.9771 0.597579929289961 1
"46" 8 3 0.5 64 0.9774 0.5973476664056 1
"47" 7 2 0.6 512 0.9753 0.596888034745827 1
"48" 7 3 0.5 32 0.9775 0.596525520841085 1
"49" 7 2 0.6 64 0.9752 0.596209759323238 1
"50" 8 3 0.5 128 0.9774 0.596086861252011 1
"51" 7 2 0.6 32 0.9752 0.596032475218573 1
"52" 7 2 0.6 256 0.9753 0.595808819747628 1
"53" 7 3 0.4 128 0.9775 0.595569944480238 1
"54" 8 1 0.1 32 0.9177 0.59554393711556 1
"55" 8 3 0.6 128 0.9774 0.595426578030593 1
"56" 7 3 0.5 10000 0.9775 0.595404869236521 1
"57" 7 2 0.6 128 0.9753 0.595216365750456 1
"58" 7 3 0.7 1024 0.9771 0.595068971323072 1
"59" 7 3 0.7 128 0.9773 0.594995233278287 1
"60" 4 3 0.6 10000 0.9765 0.594933251177834 1
"61" 8 2 0.6 1024 0.9752 0.594631116328183 1
"62" 7 3 0.4 1024 0.9775 0.594588040518073 1
"63" 7 3 0.7 64 0.9773 0.594494142107518 1
"64" 6 3 0.7 10000 0.9771 0.594455455581618 1
"65" 8 3 0.4 512 0.9775 0.594119267736651 1
"66" 7 3 0.4 256 0.9775 0.594097305765962 1
"67" 6 3 0.6 128 0.9774 0.593989554335222 1
"68" 6 3 0.5 128 0.9776 0.593935596529592 1
"69" 8 3 0.7 1024 0.9771 0.593709303543456 1
"70" 8 3 0.8 512 0.9769 0.593459018162711 1
"71" 8 3 0.7 128 0.9772 0.593451306997826 1
"72" 8 3 0.7 32 0.9772 0.593360419836658 1
"73" 6 1 0.1 16 0.9178 0.59330127345242 1
"74" 8 2 0.7 64 0.9752 0.593074650432373 1
"75" 7 2 0.7 10000 0.9752 0.593009915971369 1
"76" 7 3 0.4 512 0.9775 0.592850170754942 1
"77" 6 3 0.3 10000 0.9774 0.592830148424043 1
"78" 6 3 0.6 256 0.9774 0.592730560788782 1
"79" 8 3 0.4 256 0.9775 0.592698147709707 1
"80" 7 3 0.6 1024 0.9773 0.592523455179866 1
"81" 7 3 0.7 512 0.9771 0.592399632091949 1
"82" 8 3 0.8 16 0.9769 0.592352891274648 1
"83" 4 3 0.8 10000 0.9766 0.592289817186148 1
"84" 8 1 0.1 64 0.9177 0.591840173211212 1
"85" 3 3 0.4 128 0.9768 0.591755463120481 1
"86" 8 3 0.8 128 0.977 0.591288659257017 1
"87" 8 2 0.6 32 0.975 0.591216380057565 1
"88" 8 3 0.7 512 0.9771 0.591210501202583 1
"89" 8 3 0.7 256 0.9772 0.591197861887284 1
"90" 8 3 0.4 128 0.9775 0.591115736277995 1
"91" 3 3 0.4 512 0.9768 0.591013468212691 1
"92" 8 3 0.8 256 0.977 0.590921482339459 1
"93" 8 2 0.5 10000 0.9752 0.590871867039894 1
"94" 4 3 0.7 10000 0.9764 0.59083279059785 1
"95" 3 3 0.4 10000 0.9769 0.590813662530741 1
"96" 8 3 0.7 16 0.977 0.590724017646175 1
"97" 7 1 0.1 8 0.9172 0.59063719770978 1
"98" 8 2 0.6 64 0.9751 0.590522067806424 1
"99" 6 3 0.6 64 0.9775 0.590515858297382 1
"100" 8 2 0.8 10000 0.975 0.590252441498495 1
"101" 8 3 0.8 32 0.977 0.590129940765718 1
"102" 3 3 0.4 256 0.9768 0.590066972467241 1
"103" 7 3 0.3 128 0.9774 0.58969544045864 1
"104" 4 3 0.9 10000 0.9764 0.589640505535393 1
"105" 3 3 0.4 1024 0.9768 0.589565628526548 1
"106" 8 2 0.4 256 0.9752 0.589257791508745 1
"107" 3 3 0.3 32 0.9766 0.589217773617677 1
"108" 3 3 0.3 64 0.9767 0.589107820379844 1
"109" 3 3 0.4 32 0.9768 0.589022308518313 1
"110" 8 2 0.4 128 0.9752 0.588927836362092 1
"111" 3 3 0.4 64 0.9768 0.588884032721525 1
"112" 3 1 0.4 64 0.9221 0.58880948338865 1
"113" 7 2 0.5 512 0.9752 0.58866443606119 1
"114" 8 3 0.3 512 0.9774 0.588628772358457 1
"115" 4 1 0.4 64 0.9219 0.588539820703147 1
"116" 3 3 0.9 2 0.9721 0.588341294251778 1
"117" 6 1 0.1 32 0.9181 0.588314949711615 1
"118" 8 3 0.8 1024 0.9768 0.588163964362534 1
"119" 3 2 0.9 8 0.974 0.588100955284597 1
"120" 7 3 0.4 10000 0.9774 0.587912843500627 1
"121" 8 2 0.7 128 0.9753 0.587885553295766 1
"122" 3 1 0.4 128 0.9222 0.587868139209052 1
"123" 7 3 0.3 256 0.9774 0.587795652441435 1
"124" 7 2 0.4 1024 0.9752 0.587784575744978 1
"125" 3 2 0.9 4 0.9732 0.587761708529703 1
"126" 7 3 0.3 1024 0.9774 0.58763853583227 1
"127" 6 3 0.4 10000 0.9775 0.587616068806408 1
"128" 7 2 0.5 512 0.9775 0.58753190877446 2
"129" 7 2 0.9 10000 0.9773 0.587294127903018 2
"130" 6 3 0.5 64 0.9776 0.58724324853938 1
"131" 3 1 0.1 10000 0.9195 0.587151069962697 1
"132" 7 2 0.8 512 0.9753 0.587143278415935 1
"133" 3 2 0.9 2 0.9714 0.587128782887355 1
"134" 7 2 0.8 10000 0.9744 0.587035401748682 2
"135" 8 1 0.1 512 0.9172 0.587003863618595 1
"136" 8 2 0.8 512 0.9751 0.587002796922662 1
"137" 8 2 0.9 64 0.9751 0.586967368639915 1
"138" 6 1 0.1 8 0.9174 0.586960673405624 1
"139" 7 3 0.3 512 0.9774 0.586952806372811 1
"140" 7 2 0.6 10000 0.9753 0.586936665612217 1
"141" 8 2 0.7 512 0.9753 0.586933664141808 1
"142" 8 2 0.4 64 0.9752 0.586830520725711 1
"143" 8 2 0.6 16 0.9749 0.586709883054112 1
"144" 8 2 0.7 32 0.975 0.586671001069705 1
"145" 3 3 0.3 256 0.9768 0.586667653652258 1
"146" 3 3 0.3 512 0.9768 0.586651421922428 1
"147" 8 2 0.7 256 0.9752 0.586560752510016 1
"148" 8 3 0.3 1024 0.9774 0.586452126607746 1
"149" 6 3 0.3 256 0.9775 0.586332529051105 1
"150" 6 3 0.8 1024 0.9772 0.586291385956031 1
"151" 8 2 0.9 128 0.9751 0.586060248084308 1
"152" 6 3 0.3 128 0.9775 0.586041073975796 1
"153" 3 1 0.4 10000 0.922 0.586033522385112 1
"154" 7 2 0.8 1024 0.9753 0.585959437329994 1
"155" 8 3 0.8 64 0.977 0.585951563046455 1
"156" 8 2 0.7 1024 0.9752 0.585948615886754 1
"157" 6 1 0.1 64 0.9184 0.585887846832483 1
"158" 8 3 0.7 4 0.9754 0.585858945817989 1
"159" 6 3 0.4 128 0.9776 0.585849647340193 1
"160" 3 3 0.2 256 0.9764 0.585843561013481 1
"161" 3 3 0.2 64 0.9763 0.585832275614332 1
"162" 6 3 0.7 1024 0.977 0.585778727623625 1
"163" 8 1 0.2 4 0.918 0.585767037802374 1
"164" 8 2 0.9 512 0.9751 0.585748613857278 1
"165" 7 2 0.5 256 0.9775 0.585696651643441 2
"166" 3 3 0.2 10000 0.9761 0.585614682125803 1
"167" 3 3 0.9 4 0.9752 0.585531378456825 1
"168" 7 2 0.5 1024 0.9775 0.585492679855773 2
"169" 7 2 0.4 512 0.9752 0.585481236839455 1
"170" 8 2 0.8 1024 0.975 0.585427613882023 1
"171" 7 3 0.8 128 0.9769 0.585410322100605 1
"172" 3 3 0.1 8 0.9702 0.585357397971029 1
"173" 4 1 0.1 10000 0.9194 0.585296263397485 1
"174" 7 2 0.5 128 0.9775 0.585201081737182 2
"175" 7 1 0.6 4 0.9197 0.585170028825289 1
"176" 8 3 0.3 128 0.9774 0.585144403321548 1
"177" 7 2 0.5 1024 0.9751 0.585127293108797 1
"178" 4 1 0.2 16 0.9207 0.58502679635351 1
"179" 3 1 0.4 1024 0.9221 0.585009942194463 1
"180" 8 2 0.9 16 0.9748 0.584977498538406 1
"181" 6 3 0.4 256 0.9776 0.584908490082968 1
"182" 8 3 0.7 8 0.9762 0.584813529595495 1
"183" 8 2 0.9 256 0.9751 0.584754172604618 1
"184" 8 2 0.8 256 0.975 0.584734092756428 1
"185" 3 1 0.7 10000 0.9216 0.584711537648911 1
"186" 7 3 0.2 32 0.9768 0.584701991512469 1
"187" 3 1 0.4 256 0.9221 0.584658216663796 1
"188" 3 3 0.2 128 0.9763 0.584656486324611 1
"189" 6 1 0.5 16 0.9204 0.584655032374293 1
"190" 7 2 0.5 64 0.9775 0.58455382097847 2
"191" 3 3 0.2 512 0.9763 0.584480296339337 1
"192" 8 2 0.8 64 0.975 0.584416987453812 1
"193" 3 2 0.8 4 0.9733 0.584414684147188 1
"194" 7 1 0.1 512 0.9173 0.58437934845208 1
"195" 7 3 0.6 16 0.9772 0.584328020125317 1
"196" 7 2 0.7 64 0.9775 0.584307795286442 2
"197" 3 2 0.9 32 0.9746 0.584296417077274 1
"198" 6 3 0.8 512 0.9772 0.584284066838339 1
"199" 3 1 0.4 512 0.9221 0.584194933960355 1
"200" 4 2 0.1 1024 0.9748 0.584175180676846 1
"201" 7 3 0.8 256 0.9769 0.584165675412708 1
"202" 7 3 0.2 16 0.9762 0.584084487019838 1
"203" 6 3 0.9 10000 0.9769 0.584028316696519 1
"204" 7 2 0.7 128 0.9775 0.584018336127951 2
"205" 7 3 0.8 512 0.9769 0.584007662412413 1
"206" 8 2 0.7 10000 0.9749 0.583978286249609 1
"207" 3 3 0.3 128 0.9768 0.583959516396422 1
"208" 7 2 0.7 512 0.9775 0.58381727882598 2
"209" 6 3 0.6 10000 0.9772 0.583730879282799 1
"210" 7 2 0.7 256 0.9775 0.583718730186571 2
"211" 6 1 0.6 128 0.9203 0.583637751902814 1
"212" 8 2 0.7 16 0.9747 0.583536955658799 1
"213" 4 1 0.4 512 0.9218 0.583415833898209 1
"214" 3 1 0.5 128 0.922 0.583380253904794 1
"215" 8 3 0.4 16 0.977 0.583236116507003 1
"216" 4 1 0.3 64 0.9218 0.583176968553199 1
"217" 3 1 0.6 8 0.922 0.583175534942978 1
"218" 7 2 0.7 1024 0.9775 0.583083655580153 2
"219" 6 1 0.6 16 0.9207 0.583027285672939 1
"220" 4 1 0.4 128 0.9219 0.583023290275467 1
"221" 7 2 0.7 8 0.9774 0.582997342551791 2
"222" 8 3 0.3 256 0.9774 0.58297777240775 1
"223" 3 1 0.6 32 0.922 0.582967326381476 1
"224" 6 3 0.5 32 0.9776 0.582964613071608 1
"225" 7 2 0.7 32 0.9775 0.582832623581017 2
"226" 8 2 0.8 32 0.975 0.582805335183505 1
"227" 4 1 0.4 256 0.9219 0.582798970944187 1
"228" 8 2 0.9 32 0.975 0.582744039650448 1
"229" 8 2 0.4 512 0.9752 0.582732354298231 1
"230" 7 2 0.3 10000 0.9762 0.582727879578021 2
"231" 7 1 0.1 128 0.9172 0.582627205178885 1
"232" 7 3 0.8 1024 0.9768 0.582593764962299 1
"233" 7 2 0.8 256 0.9753 0.582451074601571 1
"234" 3 2 0.9 16 0.9747 0.582409336036761 1
"235" 7 2 0.4 128 0.9752 0.582344239222749 1
"236" 7 2 0.5 256 0.9752 0.582333153225656 1
"237" 6 3 0.8 256 0.9771 0.582293530304957 1
"238" 7 2 0.4 10000 0.9751 0.582252905123259 1
"239" 7 2 0.5 32 0.9775 0.582250880193152 2
"240" 5 1 0.7 256 0.9205 0.582243618544263 1
"241" 8 2 0.9 1024 0.9751 0.582202080287362 1
"242" 3 1 0.2 4 0.9184 0.582183253453361 1
"243" 7 2 0.4 256 0.9752 0.582177144356686 1
"244" 4 2 0.8 10000 0.975 0.582122147732248 1
"245" 7 1 0.5 8 0.9203 0.582077094823704 1
"246" 7 1 0.7 4 0.9197 0.582058498304639 1
"247" 8 2 0.8 128 0.975 0.581889088034409 1
"248" 6 1 0.5 8 0.9205 0.581886528829488 1
"249" 3 2 0.9 64 0.9746 0.581869716451966 1
"250" 3 3 0.8 16 0.9766 0.581863802332805 1
"251" 5 1 0.6 16 0.9213 0.581842647570261 1
"252" 7 3 0.2 10000 0.9812 0.5816825589152 2
"253" 3 3 0.9 1 0.9669 0.581662008682247 1
"254" 3 2 0.4 1 0.9647 0.581545997050614 1
"255" 6 1 0.4 32 0.9205 0.581524757575671 1
"256" 3 3 0.4 16 0.9766 0.581500460108605 1
"257" 3 2 0.8 8 0.9743 0.581489260803059 1
"258" 3 3 0.2 1024 0.9763 0.581461331611118 1
"259" 7 2 0.7 16 0.9775 0.581306590862562 2
"260" 5 1 0.7 512 0.9206 0.58126947646422 1
"261" 6 1 0.6 8 0.9204 0.58125225342915 1
"262" 3 1 0.3 8 0.9213 0.581239693076469 1
"263" 6 3 0.8 128 0.9772 0.581227853292212 1
"264" 3 1 0.5 64 0.922 0.581156372355838 1
"265" 8 1 0.2 8 0.919 0.581148548648374 1
"266" 6 3 0.3 512 0.9775 0.581143110579944 1
"267" 3 3 0.3 4 0.9731 0.581131439851779 1
"268" 6 1 0.6 64 0.9204 0.581094037781032 1
"269" 8 1 0.1 128 0.9187 0.581073378299589 1
"270" 3 3 0.4 8 0.9753 0.581043657461534 1
"271" 3 1 0.5 32 0.922 0.580989062191484 1
"272" 5 3 0.5 512 0.977 0.580963654572673 1
"273" 7 2 0.8 128 0.9753 0.580961275962761 1
"274" 3 2 0.4 2 0.9699 0.580956644028334 1
"275" 7 2 0.8 8 0.9774 0.580925992175533 2
"276" 7 2 0.3 512 0.9775 0.580749514012834 2
"277" 7 2 0.7 4 0.9772 0.580692958517359 2
"278" 8 3 0.9 1024 0.9767 0.580627953974152 1
"279" 3 3 0.2 2 0.9651 0.580624883767102 1
"280" 6 3 0.8 64 0.9772 0.58062105772552 1
"281" 3 3 0.9 8 0.9761 0.580578243471368 1
"282" 3 3 0.1 16 0.9734 0.58057751316619 1
"283" 3 2 0.8 16 0.9744 0.58057170326072 1
"284" 8 3 0.4 64 0.9775 0.580544976185631 1
"285" 7 2 0.4 64 0.9776 0.580518230660668 2
"286" 5 1 0.9 10000 0.9204 0.580377120144299 1
"287" 6 2 0.3 512 0.9774 0.580309628371616 2
"288" 3 3 0.5 8 0.976 0.580282749757133 1
"289" 3 1 0.5 512 0.922 0.580261696257635 1
"290" 7 1 0.1 1024 0.9172 0.580234508785945 1
"291" 3 3 0.4 4 0.9734 0.58021500843915 1
"292" 7 2 0.6 128 0.9776 0.580184835782865 2
"293" 4 1 0.5 64 0.9217 0.580171756836568 1
"294" 4 1 0.4 10000 0.9215 0.58013249570974 1
"295" 7 2 0.3 1024 0.9775 0.580128367215655 2
"296" 7 2 0.3 64 0.9775 0.580125229699962 2
"297" 7 2 0.4 128 0.9775 0.58011532915634 2
"298" 6 1 0.6 32 0.9206 0.580106023325575 1
"299" 3 2 0.2 2 0.966 0.580097007839142 1
"300" 3 1 0.3 16 0.9217 0.580026977899782 1
"301" 6 1 0.6 256 0.9203 0.580005358437033 1
"302" 8 3 0.9 8 0.9764 0.579974899981457 1
"303" 5 1 0.7 1024 0.9206 0.579926305102837 1
"304" 4 1 0.2 4 0.9183 0.57992193174291 1
"305" 6 2 0.3 128 0.9774 0.57990009330517 2
"306" 7 3 0.8 64 0.977 0.579820320189503 1
"307" 6 3 0.4 64 0.9776 0.579811563861625 1
"308" 8 3 0.4 10000 0.9774 0.579774092526769 1
"309" 5 3 0.5 1024 0.977 0.579772843698703 1
"310" 7 2 0.6 32 0.9775 0.579700182221939 2
"311" 4 3 0.6 1024 0.9769 0.57967367530564 1
"312" 7 3 0.4 16 0.9771 0.579629685628287 1
"313" 7 3 0.3 32 0.977 0.579618302421102 1
"314" 7 3 0.3 64 0.9773 0.579576640174743 1
"315" 7 2 0.7 512 0.9753 0.579543395056754 1
"316" 3 2 0.8 1024 0.9746 0.579478823614287 1
"317" 7 2 0.6 16 0.975 0.579424623185141 1
"318" 7 2 0.7 128 0.9753 0.579423915999739 1
"319" 3 2 0.9 128 0.9746 0.579323002432986 1
"320" 5 3 0.5 256 0.977 0.579310880727108 1
"321" 7 2 0.4 256 0.9775 0.579279886245473 2
"322" 7 2 0.7 256 0.9753 0.579231741676333 1
"323" 7 1 0.1 256 0.9172 0.579221501512703 1
"324" 3 2 0.8 32 0.9744 0.579217820467256 1
"325" 7 2 0.8 16 0.9774 0.579201979145494 2
"326" 7 2 0.6 16 0.9775 0.579194734204213 2
"327" 6 1 0.1 256 0.9183 0.57918791063175 1
"328" 5 1 0.7 10000 0.9207 0.579175163452762 1
"329" 5 3 0.3 10000 0.977 0.579073661303758 1
"330" 3 2 0.8 64 0.9745 0.578987321373061 1
"331" 7 2 0.8 64 0.9774 0.578946108196917 2
"332" 3 1 0.5 256 0.922 0.578925747222899 1
"333" 7 2 0.6 64 0.9775 0.578875393681609 2
"334" 7 2 0.4 512 0.9775 0.578872257712086 2
"335" 4 1 0.4 1024 0.9218 0.578862167366844 1
"336" 3 2 0.9 1 0.9677 0.57878810618891 1
"337" 3 1 0.1 512 0.9195 0.578785562640569 1
"338" 7 2 0.6 512 0.9776 0.578772146274308 2
"339" 6 1 0.1 128 0.9183 0.578759423481158 1
"340" 7 2 0.6 256 0.9776 0.578756401063731 2
"341" 3 2 0.9 512 0.9746 0.578751693291781 1
"342" 7 2 0.3 128 0.9775 0.578736577435838 2
"343" 6 2 0.3 256 0.9775 0.578732390534716 2
"344" 6 2 0.6 512 0.9775 0.578650385300027 2
"345" 3 1 0.1 8 0.9187 0.578621525836448 1
"346" 7 2 0.3 256 0.9775 0.578620845053679 2
"347" 3 2 0.8 256 0.9746 0.578593595950027 1
"348" 7 2 0.6 1024 0.9776 0.578584578319851 2
"349" 7 2 0.8 32 0.9774 0.578584054632204 2
"350" 3 3 0.8 0.5 0.9613 0.578528864333799 1
"351" 3 2 0.9 256 0.9746 0.578524745324397 1
"352" 7 2 0.5 16 0.9775 0.578468750053975 2
"353" 7 3 0.8 32 0.9769 0.578465420058236 1
"354" 3 2 0.8 10000 0.9747 0.578465193752103 1
"355" 6 2 0.6 1024 0.9775 0.578420915988967 2
"356" 4 1 0.5 128 0.9217 0.578412201730137 1
"357" 7 2 0.8 64 0.9753 0.578385935161445 1
"358" 3 2 0.9 10000 0.9747 0.57837576977068 1
"359" 3 2 0.8 512 0.9745 0.578345581334898 1
"360" 5 2 0.1 1024 0.9748 0.578339101332377 1
"361" 5 1 0.5 8 0.9214 0.578314236730389 1
"362" 8 3 0.3 10000 0.9773 0.578298990866129 1
"363" 6 2 0.3 1024 0.9774 0.578276380461134 2
"364" 3 2 0.7 8 0.9742 0.578253586754261 1
"365" 3 3 0.4 2 0.9694 0.578192320149107 1
"366" 7 2 0.7 32 0.9752 0.578180721507342 1
"367" 7 2 0.5 32 0.9751 0.578099799857748 1
"368" 6 1 0.1 4 0.9164 0.578060958478132 1
"369" 7 3 0.7 32 0.9772 0.57805692131844 1
"370" 3 2 0.8 128 0.9745 0.578011589979152 1
"371" 3 2 0.9 1024 0.9746 0.577997338314735 1
"372" 7 2 0.4 1024 0.9776 0.577970050599313 2
"373" 6 3 0.3 1024 0.9774 0.57796796822042 1
"374" 4 3 0.6 128 0.977 0.577958818252318 1
"375" 6 1 0.6 4 0.9197 0.577887300445802 1
"376" 3 3 0.1 4 0.9652 0.577870743874488 1
"377" 7 1 0.6 10000 0.92 0.577784916073626 1
"378" 7 1 0.6 32 0.9206 0.577755038935909 1
"379" 7 2 0.4 32 0.9776 0.577733528755307 2
"380" 8 2 0.7 8 0.9744 0.577730335965585 1
"381" 7 2 0.5 64 0.9752 0.577728819023042 1
"382" 7 2 0.7 64 0.9752 0.577709572245498 1
"383" 6 2 0.3 64 0.9774 0.577668953759894 2
"384" 7 2 0.8 512 0.9774 0.577662270602808 2
"385" 6 2 0.6 128 0.9774 0.577641806440749 2
"386" 7 3 0.3 10000 0.9773 0.577599180071857 1
"387" 4 3 0.2 1024 0.9766 0.577598455295093 1
"388" 7 2 0.8 128 0.9775 0.577564843875367 2
"389" 5 1 0.6 8 0.9212 0.577547609481565 1
"390" 4 3 0.6 256 0.977 0.57753203845099 1
"391" 8 2 0.9 8 0.9744 0.57752914993372 1
"392" 8 3 0.6 8 0.9763 0.57749303825081 1
"393" 7 3 0.2 64 0.977 0.577475439809433 1
"394" 8 1 0.1 8 0.9175 0.577464279259279 1
"395" 7 2 0.8 4 0.9773 0.577449492957906 2
"396" 3 3 0.3 1024 0.9769 0.577388439219015 1
"397" 4 1 0.1 128 0.9195 0.577363559815816 1
"398" 3 2 0.7 4 0.9732 0.577349187386197 1
"399" 3 1 0.7 1024 0.9216 0.577308792560885 1
"400" 3 1 0.7 512 0.9216 0.577308118540208 1
"401" 6 2 0.6 256 0.9775 0.577201669270513 2
"402" 7 2 0.7 1024 0.9753 0.577172859916423 1
"403" 7 2 0.3 32 0.9775 0.577144720594067 2
"404" 7 2 0.6 8 0.9774 0.577105762688601 2
"405" 7 2 0.9 128 0.9775 0.577035767641886 2
"406" 5 3 0.5 128 0.9771 0.576993852581554 1
"407" 3 3 0.8 8 0.9762 0.576941906103582 1
"408" 4 3 0.2 512 0.9765 0.576895065209225 1
"409" 7 2 0.8 10000 0.9751 0.576876133075121 1
"410" 7 2 0.8 1024 0.9775 0.576816596864037 2
"411" 7 2 0.5 8 0.9775 0.576797177772336 2
"412" 8 2 0.5 64 0.9752 0.576794765450267 1
"413" 7 2 0.8 256 0.9775 0.57678527208784 2
"414" 3 1 0.3 64 0.9219 0.576717221207965 1
"415" 4 1 0.5 256 0.9218 0.576679596932095 1
"416" 3 1 0.1 64 0.9195 0.576656965673635 1
"417" 6 2 0.6 64 0.9774 0.576628068489255 2
"418" 5 1 0.8 128 0.9208 0.576613665687654 1
"419" 7 2 0.6 10000 0.9756 0.5766081304356 2
"420" 6 1 0.3 4 0.9193 0.576603545445384 1
"421" 4 3 0.6 512 0.9769 0.576593886955727 1
"422" 7 2 0.4 32 0.9751 0.576572433948731 1
"423" 8 2 0.8 16 0.9749 0.576545793309475 1
"424" 3 2 0.3 2 0.9684 0.576459200238846 1
"425" 3 2 0.7 16 0.9745 0.576436423859562 1
"426" 8 2 0.5 1024 0.9752 0.57640883169937 1
"427" 3 2 0.4 4 0.9727 0.57640536176133 1
"428" 6 2 0.5 512 0.9753 0.576361361020085 1
"429" 7 2 0.6 4 0.9773 0.576358909996597 2
"430" 6 2 0.6 32 0.9774 0.576325224607591 2
"431" 8 3 0.6 4 0.9752 0.576320362204139 1
"432" 3 1 0.1 128 0.9195 0.576288725461645 1
"433" 3 3 0.5 4 0.9736 0.576258189313591 1
"434" 3 3 0.6 2 0.9709 0.576205276500176 1
"435" 7 2 0.9 512 0.9775 0.576158453841025 2
"436" 5 1 0.7 128 0.9206 0.576153458574657 1
"437" 7 3 0.4 64 0.9775 0.576131953614857 1
"438" 8 1 0.5 4 0.9199 0.576078316976028 1
"439" 6 2 0.4 10000 0.9769 0.576055078362573 2
"440" 3 2 0.7 32 0.9745 0.576044930360677 1
"441" 6 1 0.7 1024 0.919 0.575992563252676 1
"442" 8 2 0.5 256 0.9752 0.575972750840612 1
"443" 6 1 0.8 128 0.9189 0.575939929344011 1
"444" 3 2 0.1 16 0.973 0.57593687087252 1
"445" 7 2 0.5 128 0.9752 0.575892670330021 1
"446" 8 2 0.4 32 0.9751 0.575890496678375 1
"447" 4 2 0.1 512 0.9749 0.575868784795624 1
"448" 5 2 0.1 512 0.9749 0.575849917908573 1
"449" 3 3 0.2 1 0.9587 0.575840540430862 1
"450" 4 1 0.5 1024 0.9218 0.575837954159417 1
"451" 7 2 0.9 256 0.9775 0.575788523540472 2
"452" 8 2 0.5 32 0.9751 0.575762650189803 1
"453" 5 1 0.8 256 0.9208 0.575753275766792 1
"454" 4 3 0.5 10000 0.9769 0.575694777610259 1
"455" 8 2 0.5 512 0.9752 0.575684406763403 1
"456" 6 2 0.3 32 0.9774 0.575655074041882 2
"457" 6 3 0.7 64 0.9773 0.575644515134932 1
"458" 6 1 0.5 1 0.9171 0.575637844410981 1
"459" 8 3 0.2 10000 0.9769 0.575635381856157 1
"460" 3 2 0.3 4 0.9726 0.575616083619015 1
"461" 4 1 0.6 256 0.9214 0.575591294229561 1
"462" 3 1 0.1 32 0.9195 0.575563653421789 1
"463" 4 1 0.6 1024 0.9215 0.57556031156372 1
"464" 7 2 0.9 1024 0.9775 0.575542301936744 2
"465" 6 1 0.7 2 0.9193 0.57552357997531 1
"466" 5 2 0.1 10000 0.9749 0.575523121834337 1
"467" 4 1 0.6 512 0.9215 0.575514696023923 1
"468" 3 2 0.7 64 0.9746 0.575503086305369 1
"469" 4 1 0.6 128 0.9215 0.57549156349337 1
"470" 7 2 0.2 512 0.9775 0.575483804030257 2
"471" 3 2 0.5 1 0.9663 0.575457557514707 1
"472" 7 1 0.7 2 0.9188 0.575438209979323 1
"473" 3 2 0.7 128 0.9746 0.575429179614233 1
"474" 6 1 0.5 32 0.9208 0.575425215996617 1
"475" 7 1 0.1 10000 0.9173 0.575415787925072 1
"476" 5 1 0.4 32 0.9211 0.575382386308443 1
"477" 7 2 0.9 64 0.9775 0.575364833935815 2
"478" 3 3 0.4 1 0.964 0.575346420677739 1
"479" 7 2 0.4 64 0.9751 0.575340685579941 1
"480" 6 1 0.8 32 0.9195 0.575280142529326 1
"481" 7 2 0.4 16 0.9775 0.575263760256769 2
"482" 6 2 0.8 1024 0.9774 0.57526066235676 2
"483" 7 2 0.6 2 0.9768 0.575247094721522 2
"484" 6 1 0.8 512 0.9187 0.575241815120775 1
"485" 4 1 0.1 32 0.9194 0.575241292803388 1
"486" 8 3 0.3 32 0.977 0.57523590726589 1
"487" 7 1 0.4 16 0.9205 0.575232105053592 1
"488" 6 1 0.8 256 0.9189 0.575202485369759 1
"489" 4 3 0.6 64 0.9771 0.57513550122264 1
"490" 4 1 0.3 32 0.9219 0.575124248803061 1
"491" 7 2 0.2 256 0.9775 0.575120377476596 2
"492" 3 3 0.5 256 0.9767 0.57510382838734 1
"493" 8 2 0.4 1024 0.9752 0.575101520075341 1
"494" 3 2 0.7 256 0.9746 0.575091470315732 1
"495" 7 2 0.9 1024 0.975 0.574996962704848 1
"496" 3 2 0.6 2 0.971 0.574985889170245 1
"497" 7 3 0.4 32 0.9774 0.574881045173376 1
"498" 8 2 0.4 16 0.9751 0.574825697543524 1
"499" 3 2 0.5 4 0.973 0.574723732250154 1
"500" 3 1 0.1 256 0.9195 0.574716943022532 1
