"MABP" "CBFV" "nu" "cost" "train.cor" "test.cor" "fold"
"1" 8 3 0.1 10000 0.9552 0.648067205950299 2
"2" 8 3 0.6 1024 0.956 0.646424696564846 2
"3" 8 3 0.6 32 0.956 0.64586911862705 2
"4" 8 3 0.6 256 0.9559 0.645719772661009 2
"5" 8 3 0.6 64 0.956 0.645463597305309 2
"6" 8 3 0.6 128 0.9559 0.645225569841044 2
"7" 8 3 0.6 512 0.956 0.645200879722706 2
"8" 8 3 0.5 128 0.956 0.644451729918107 2
"9" 8 3 0.6 16 0.956 0.644414716523083 2
"10" 8 3 0.5 256 0.9559 0.644371010685137 2
"11" 8 3 0.5 512 0.956 0.643780125711377 2
"12" 8 3 0.5 64 0.956 0.643221798764746 2
"13" 8 2 0.8 1024 0.9464 0.643164930118977 2
"14" 8 2 0.9 1024 0.9464 0.642584576971454 2
"15" 8 3 0.5 32 0.9561 0.642584332747261 2
"16" 6 1 0.4 128 0.9309 0.642376570117947 2
"17" 6 1 0.4 256 0.9309 0.642324954024333 2
"18" 8 3 0.5 1024 0.9559 0.642225949070992 2
"19" 8 2 0.7 1024 0.9465 0.642196709023295 2
"20" 6 1 0.4 64 0.931 0.642086297282662 2
"21" 8 2 0.8 32 0.9465 0.642026850725955 2
"22" 8 2 0.7 128 0.9464 0.641991789148516 2
"23" 8 3 0.7 512 0.9559 0.641955184213402 2
"24" 6 1 0.4 512 0.931 0.641873098356528 2
"25" 8 3 0.7 1024 0.9559 0.641674810313739 2
"26" 8 3 0.4 1024 0.956 0.641460491934621 2
"27" 8 1 0.9 1024 0.9307 0.641366901413323 2
"28" 8 2 0.8 64 0.9464 0.641327092131916 2
"29" 8 2 0.8 256 0.9464 0.641302474884305 2
"30" 8 2 0.7 512 0.9465 0.641300613018816 2
"31" 8 2 0.7 16 0.9465 0.641251711336718 2
"32" 8 2 0.7 8 0.9465 0.641109110322254 2
"33" 8 2 0.8 16 0.9464 0.641097231480593 2
"34" 8 2 0.8 4 0.9465 0.640998418872939 2
"35" 8 2 0.8 8 0.9465 0.640991859721113 2
"36" 8 3 0.4 256 0.956 0.640967776789378 2
"37" 6 1 0.4 32 0.931 0.64093938022386 2
"38" 6 1 0.4 1024 0.9309 0.640853741658571 2
"39" 8 3 0.7 128 0.9559 0.640757463453209 2
"40" 8 3 0.9 512 0.9559 0.640690510463924 2
"41" 8 2 0.8 512 0.9464 0.640656891558227 2
"42" 8 3 0.5 16 0.956 0.640623909080397 2
"43" 8 2 0.9 512 0.9465 0.640615686929929 2
"44" 8 2 0.7 32 0.9465 0.640598119296122 2
"45" 8 2 0.9 256 0.9464 0.64050273914036 2
"46" 8 2 0.8 128 0.9464 0.640486779849235 2
"47" 8 2 0.7 64 0.9465 0.640470571468011 2
"48" 8 3 0.8 32 0.9559 0.640452559105682 2
"49" 8 1 0.4 64 0.9311 0.640406483383141 2
"50" 8 1 0.4 32 0.9311 0.640288769011775 2
"51" 8 3 0.4 128 0.956 0.64027652193056 2
"52" 8 2 0.7 4 0.9464 0.640261392470507 2
"53" 8 3 0.7 256 0.9559 0.640255595231784 2
"54" 8 3 0.9 64 0.956 0.640227964158837 2
"55" 8 1 0.4 8 0.931 0.640217381691271 2
"56" 6 1 0.4 16 0.9309 0.640209171168326 2
"57" 8 1 0.9 8 0.931 0.640203107480954 2
"58" 8 2 0.7 256 0.9465 0.640173443249726 2
"59" 8 3 0.9 256 0.956 0.640045986444565 2
"60" 8 2 0.9 8 0.9466 0.640045505424484 2
"61" 8 3 0.9 128 0.9559 0.64000014363603 2
"62" 8 2 0.9 128 0.9465 0.639959424517519 2
"63" 8 2 0.9 64 0.9465 0.639891600070173 2
"64" 8 2 0.9 16 0.9465 0.63977005586013 2
"65" 8 2 0.8 2 0.9463 0.639760419703774 2
"66" 8 3 0.8 64 0.9559 0.639712095742693 2
"67" 8 1 0.9 16 0.9309 0.639705756558073 2
"68" 8 1 0.9 512 0.9307 0.639704473885598 2
"69" 8 2 0.6 256 0.9467 0.639639086961123 2
"70" 8 3 0.5 8 0.9558 0.639594365476628 2
"71" 8 3 0.4 64 0.956 0.639587055656975 2
"72" 8 1 0.9 32 0.9308 0.639568393207899 2
"73" 8 1 0.9 4 0.931 0.639523902136087 2
"74" 8 1 0.4 128 0.931 0.639382340927702 2
"75" 8 2 0.9 32 0.9465 0.639379579560709 2
"76" 8 2 0.6 128 0.9467 0.639359488011024 2
"77" 8 3 0.8 16 0.9559 0.639348322491616 2
"78" 8 3 0.7 32 0.956 0.639306930654058 2
"79" 8 2 0.6 8 0.9466 0.639299316877461 2
"80" 8 1 0.4 256 0.931 0.639272891793023 2
"81" 8 1 0.9 2 0.931 0.639269493071049 2
"82" 8 3 0.8 8 0.9558 0.639246762290018 2
"83" 8 3 0.4 32 0.956 0.639221775993268 2
"84" 8 1 0.9 128 0.9308 0.639216658927341 2
"85" 8 3 0.8 128 0.9559 0.639174512238533 2
"86" 8 3 0.7 64 0.9559 0.639124856301982 2
"87" 8 2 0.9 4 0.9466 0.63910077850528 2
"88" 6 1 0.4 8 0.9309 0.639047583816021 2
"89" 8 1 0.4 4 0.931 0.639047444235823 2
"90" 8 2 0.9 10000 0.9459 0.639008803872435 2
"91" 8 2 0.6 512 0.9466 0.638937589655928 2
"92" 8 3 0.6 8 0.956 0.638897531972051 2
"93" 8 1 0.4 512 0.931 0.638891150452959 2
"94" 8 1 0.9 256 0.9308 0.638875902721373 2
"95" 6 1 0.3 1 0.9308 0.638858381034712 2
"96" 8 1 0.9 64 0.9308 0.638838764790953 2
"97" 8 3 0.8 512 0.9559 0.638777192122348 2
"98" 8 1 0.8 8 0.931 0.638669403186827 2
"99" 8 3 0.9 16 0.9559 0.638668402868093 2
"100" 8 1 0.8 32 0.931 0.638658570466752 2
"101" 8 1 0.8 1024 0.9309 0.638564228447539 2
"102" 6 1 0.4 2 0.9308 0.638564219130411 2
"103" 8 1 0.5 32 0.9311 0.638555331475363 2
"104" 8 1 0.7 1024 0.9307 0.638499478233588 2
"105" 8 3 0.9 32 0.9559 0.638464660481665 2
"106" 8 3 0.4 512 0.956 0.638454089662892 2
"107" 6 3 0.6 1024 0.9557 0.638448482526463 2
"108" 8 1 0.8 512 0.9309 0.63840006319905 2
"109" 8 2 0.6 64 0.9467 0.638365966640557 2
"110" 8 3 0.8 256 0.9559 0.638339637791189 2
"111" 8 2 0.9 2 0.9463 0.638280043221035 2
"112" 8 1 0.7 32 0.9308 0.638220460304022 2
"113" 8 3 0.4 16 0.956 0.638205689022268 2
"114" 8 2 0.6 1024 0.9466 0.638200551468567 2
"115" 8 2 0.3 32 0.9465 0.63817465791471 2
"116" 8 1 0.4 2 0.9309 0.638079905797436 2
"117" 8 1 0.7 16 0.9308 0.63805989534627 2
"118" 8 3 0.8 4 0.9556 0.638042277367656 2
"119" 8 1 0.7 64 0.9308 0.638019585140785 2
"120" 8 3 0.7 16 0.9559 0.637979890565956 2
"121" 6 1 0.4 4 0.9308 0.637944059351807 2
"122" 8 1 0.7 8 0.9308 0.637940235600443 2
"123" 8 1 0.7 4 0.9308 0.637909526957489 2
"124" 8 3 0.5 4 0.9555 0.637903001002818 2
"125" 8 1 0.8 64 0.9309 0.637897678228826 2
"126" 8 1 0.7 128 0.9307 0.637893374683266 2
"127" 8 1 0.6 64 0.9308 0.637796026101795 2
"128" 8 1 0.8 256 0.9309 0.637792924411671 2
"129" 6 3 0.6 32 0.956 0.637732819471208 2
"130" 8 2 0.7 2 0.9462 0.637710409400978 2
"131" 8 1 0.7 512 0.9307 0.637650674205847 2
"132" 8 1 0.4 16 0.9311 0.63763454813397 2
"133" 8 1 0.8 128 0.9309 0.637622603019407 2
"134" 8 1 0.6 128 0.9308 0.637619521989783 2
"135" 8 1 0.5 64 0.931 0.63761437590227 2
"136" 8 2 0.4 64 0.9466 0.637600634229659 2
"137" 8 1 0.8 16 0.9309 0.637599263045 2
"138" 8 1 0.6 256 0.9308 0.637539392253979 2
"139" 8 1 0.6 32 0.9308 0.637528094619072 2
"140" 6 1 0.4 1 0.9308 0.637516753866498 2
"141" 8 1 0.6 16 0.9309 0.637477006733038 2
"142" 8 1 0.7 256 0.9307 0.637463025354489 2
"143" 8 1 0.8 4 0.931 0.637455311965018 2
"144" 8 1 0.9 1 0.931 0.637443691722773 2
"145" 6 3 0.6 256 0.9559 0.637426136863344 2
"146" 8 1 0.4 1024 0.931 0.63742101761903 2
"147" 8 1 0.3 1024 0.931 0.637397872241765 2
"148" 8 2 0.4 128 0.9466 0.637349487683323 2
"149" 6 3 0.6 512 0.9559 0.637326911948037 2
"150" 6 3 0.6 16 0.956 0.637263716790805 2
"151" 6 3 0.6 64 0.956 0.637182049110336 2
"152" 8 1 0.7 2 0.9308 0.63711712211839 2
"153" 6 3 0.6 128 0.9559 0.63710077250326 2
"154" 6 1 0.3 2 0.9309 0.637026800502637 2
"155" 8 2 0.6 2 0.9462 0.636979735334355 2
"156" 8 1 0.3 256 0.931 0.636917348858119 2
"157" 8 3 0.9 8 0.9558 0.636874432657622 2
"158" 6 1 0.6 2 0.9308 0.636753493708203 2
"159" 6 3 0.6 8 0.956 0.636738042192344 2
"160" 8 2 0.6 16 0.9466 0.636730906368038 2
"161" 8 2 0.4 512 0.9466 0.636704726685389 2
"162" 8 1 0.6 512 0.9308 0.63670194211584 2
"163" 8 1 0.5 16 0.931 0.63669642345535 2
"164" 8 2 0.4 256 0.9466 0.636693132870727 2
"165" 6 1 0.9 32 0.9307 0.636688198809629 2
"166" 8 2 0.6 32 0.9467 0.636678972338366 2
"167" 6 1 0.9 16 0.9308 0.636625937466724 2
"168" 8 1 0.6 8 0.9309 0.636614290046566 2
"169" 8 1 0.5 512 0.9311 0.636572892559584 2
"170" 8 1 0.5 128 0.9311 0.63652648718045 2
"171" 6 1 0.5 1024 0.9309 0.636487625251002 2
"172" 8 1 0.6 1 0.9308 0.636428012948565 2
"173" 6 1 0.4 0.5 0.9306 0.636407760451771 2
"174" 8 1 0.6 2 0.9308 0.636407232475842 2
"175" 8 1 0.5 256 0.9311 0.636358003811504 2
"176" 6 1 0.9 64 0.9307 0.636355131392546 2
"177" 8 1 0.8 2 0.931 0.636305719654317 2
"178" 6 1 0.5 256 0.9309 0.636253580988116 2
"179" 7 3 0.6 1024 0.9559 0.636248128939509 2
"180" 8 1 0.3 512 0.931 0.636212247882932 2
"181" 8 1 0.5 1024 0.931 0.636211334568814 2
"182" 8 1 0.3 128 0.931 0.636192366262895 2
"183" 8 1 0.7 1 0.9307 0.636164184326831 2
"184" 6 1 0.5 512 0.9309 0.636146862537407 2
"185" 8 1 0.6 4 0.9309 0.636030802284805 2
"186" 6 1 0.9 128 0.9307 0.636002241679394 2
"187" 6 1 0.8 1024 0.9308 0.635990169644011 2
"188" 6 1 0.9 8 0.9309 0.635990130668833 2
"189" 6 1 0.5 128 0.9309 0.635986952459578 2
"190" 6 1 0.5 64 0.9309 0.635951260325287 2
"191" 8 3 0.8 2 0.9552 0.635871988993077 2
"192" 6 1 0.8 128 0.9308 0.635841199000559 2
"193" 6 1 0.9 1 0.9308 0.635833866085516 2
"194" 8 2 0.8 1 0.9459 0.635786443267022 2
"195" 6 1 0.9 4 0.9309 0.635785885493129 2
"196" 6 1 0.9 2 0.9309 0.635759071082592 2
"197" 6 1 0.3 8 0.9309 0.635748882334008 2
"198" 6 1 0.5 32 0.9309 0.635741757325993 2
"199" 8 2 0.9 1 0.9459 0.63571138666438 2
"200" 8 2 0.7 1 0.9459 0.635694657548605 2
"201" 6 1 0.3 128 0.9309 0.635693031273803 2
"202" 8 3 0.9 4 0.9555 0.635687940443643 2
"203" 8 1 0.8 1 0.9308 0.635658838521195 2
"204" 6 1 0.3 16 0.9309 0.635656408932777 2
"205" 6 1 0.8 64 0.9308 0.635604651350603 2
"206" 6 1 0.3 64 0.9309 0.635596153236081 2
"207" 8 1 0.5 8 0.931 0.635552411976435 2
"208" 6 1 0.8 256 0.9308 0.635534393313246 2
"209" 6 1 0.9 256 0.9307 0.635511018599038 2
"210" 6 1 0.9 512 0.9307 0.63550721482205 2
"211" 6 1 0.5 16 0.9309 0.635491493429225 2
"212" 6 1 0.6 4 0.9309 0.635457266858257 2
"213" 6 1 0.8 32 0.9308 0.635451405778885 2
"214" 8 3 0.4 8 0.9557 0.635420851310228 2
"215" 6 1 0.6 1 0.9307 0.635400524735936 2
"216" 6 1 0.3 512 0.9309 0.635383513929427 2
"217" 8 1 0.6 10000 0.9303 0.63537063908533 2
"218" 6 1 0.8 512 0.9308 0.635303455307966 2
"219" 6 1 0.3 4 0.9309 0.635233359082099 2
"220" 8 1 0.9 0.5 0.9307 0.63516660225134 2
"221" 8 3 0.4 4 0.9555 0.635161014997009 2
"222" 6 1 0.3 32 0.9309 0.635146221090751 2
"223" 8 3 0.7 8 0.9559 0.635122251084884 2
"224" 7 3 0.6 128 0.9559 0.635112085606027 2
"225" 6 3 0.5 4 0.9556 0.63503729361937 2
"226" 6 1 0.3 256 0.9309 0.63501723503399 2
"227" 6 1 0.8 1 0.9307 0.634974817030606 2
"228" 6 1 0.6 32 0.9308 0.634971849125844 2
"229" 6 1 0.5 4 0.9308 0.634949516756893 2
"230" 7 3 0.6 32 0.9559 0.634900706906442 2
"231" 6 1 0.6 16 0.9308 0.634865812100832 2
"232" 6 1 0.5 8 0.9308 0.634864724390832 2
"233" 6 1 0.8 8 0.9308 0.634855029171093 2
"234" 6 1 0.5 2 0.9307 0.634794693488226 2
"235" 6 1 0.6 64 0.9307 0.634788254110132 2
"236" 8 1 0.6 1024 0.9307 0.634775713532647 2
"237" 8 3 0.9 2 0.9551 0.63477515462736 2
"238" 8 1 0.6 0.5 0.9306 0.634771755346427 2
"239" 6 1 0.3 1024 0.9309 0.634749703422055 2
"240" 6 1 0.6 128 0.9307 0.634742758398529 2
"241" 8 2 0.4 1024 0.9466 0.634732626142269 2
"242" 6 1 0.8 16 0.9309 0.634729040062256 2
"243" 7 3 0.6 512 0.9559 0.634727245123953 2
"244" 8 3 0.6 4 0.9557 0.634727147354825 2
"245" 6 1 0.6 8 0.9308 0.634714664035841 2
"246" 6 1 0.9 1024 0.9307 0.634688661086126 2
"247" 7 3 0.6 64 0.9559 0.634650164026263 2
"248" 6 1 0.6 512 0.9308 0.634504849639951 2
"249" 8 2 0.3 16 0.9465 0.634488955647914 2
"250" 8 1 0.5 2 0.9309 0.634443953752028 2
"251" 8 2 0.4 32 0.9466 0.634441216521078 2
"252" 8 1 0.7 0.5 0.9306 0.63443947484933 2
"253" 6 1 0.5 0.5 0.9307 0.63441183086919 2
"254" 8 1 0.3 64 0.931 0.634348128308655 2
"255" 6 1 0.6 256 0.9308 0.634300520037255 2
"256" 6 1 0.7 4 0.9309 0.634237296066689 2
"257" 6 3 0.6 4 0.9556 0.634185320308134 2
"258" 8 1 0.3 0.5 0.9306 0.634177973734849 2
"259" 6 1 0.6 1024 0.9308 0.634175535568134 2
"260" 6 3 0.5 32 0.956 0.634073884987518 2
"261" 6 1 0.6 0.5 0.9306 0.634070392290706 2
"262" 7 3 0.6 256 0.9559 0.63405683238166 2
"263" 8 2 0.6 4 0.9465 0.634055031695951 2
"264" 6 3 0.5 8 0.9558 0.633971184526825 2
"265" 6 1 0.9 0.5 0.9306 0.633951752645654 2
"266" 8 1 0.3 2 0.9309 0.633940718335652 2
"267" 8 3 0.7 2 0.9553 0.633930139991942 2
"268" 8 1 0.8 0.5 0.9306 0.633902371750109 2
"269" 6 1 0.8 4 0.9309 0.633900872933308 2
"270" 8 3 0.9 1 0.9544 0.633855227772316 2
"271" 8 1 0.5 0.5 0.9307 0.633852908667418 2
"272" 8 2 0.6 1 0.9459 0.633842357812354 2
"273" 6 1 0.7 2 0.9308 0.633801197399219 2
"274" 5 3 0.6 128 0.9559 0.633721680966088 2
"275" 8 1 0.3 1 0.9308 0.633695196476854 2
"276" 7 3 0.6 16 0.9559 0.633682586848773 2
"277" 6 3 0.5 128 0.9558 0.633677756151293 2
"278" 6 3 0.4 1 0.9539 0.633649727226505 2
"279" 8 2 0.5 1024 0.9466 0.6336490167614 2
"280" 8 3 0.2 512 0.9557 0.633643097419557 2
"281" 8 2 0.4 16 0.9465 0.633585037764927 2
"282" 8 2 0.9 0.5 0.9453 0.633580115067037 2
"283" 6 3 0.5 256 0.9558 0.633575399374151 2
"284" 6 3 0.5 1024 0.9558 0.633561017725137 2
"285" 8 3 0.3 1024 0.9559 0.63355323814242 2
"286" 8 2 0.3 64 0.9465 0.633522748407544 2
"287" 6 1 0.7 8 0.9309 0.633494839095398 2
"288" 6 1 0.8 0.5 0.9306 0.633466304401762 2
"289" 8 2 0.7 0.5 0.9454 0.633464103584016 2
"290" 6 1 0.7 16 0.9308 0.633447177632762 2
"291" 6 1 0.7 256 0.9308 0.633444259427769 2
"292" 8 1 0.5 4 0.9309 0.633437193747146 2
"293" 8 1 0.3 0.25 0.9303 0.633427153523963 2
"294" 6 1 0.5 1 0.9307 0.633410117369683 2
"295" 8 2 0.8 0.5 0.9451 0.633397392040473 2
"296" 8 3 0.8 1024 0.9559 0.633395301965589 2
"297" 6 3 0.5 512 0.9559 0.633356090487517 2
"298" 8 3 0.6 2 0.9553 0.63334460607946 2
"299" 8 1 0.5 1 0.9308 0.633321458551603 2
"300" 6 1 0.2 1 0.9304 0.633243520568619 2
"301" 6 1 0.8 2 0.9308 0.633224695534788 2
"302" 6 1 0.7 0.5 0.9305 0.633223548344177 2
"303" 6 3 0.5 64 0.9559 0.63316941826082 2
"304" 8 2 0.3 128 0.9465 0.633106397459148 2
"305" 5 3 0.6 16 0.9561 0.633095809425016 2
"306" 8 1 0.6 0.25 0.9304 0.633080725384403 2
"307" 6 1 0.7 128 0.9308 0.633060350778779 2
"308" 5 3 0.6 256 0.9559 0.633047480747875 2
"309" 5 3 0.6 64 0.956 0.63299441753007 2
"310" 6 1 0.7 64 0.9308 0.63297180601076 2
"311" 6 3 0.4 2 0.9547 0.632968797111447 2
"312" 6 3 0.7 512 0.9559 0.632957184303745 2
"313" 8 1 0.8 0.25 0.9303 0.632954296365536 2
"314" 6 1 0.7 32 0.9308 0.632915108490306 2
"315" 8 3 0.4 2 0.9551 0.632910399363407 2
"316" 6 3 0.8 512 0.9559 0.632849256952229 2
"317" 7 3 0.5 512 0.9558 0.632813670530358 2
"318" 6 3 0.8 1024 0.9559 0.632805893068284 2
"319" 8 1 0.9 0.25 0.9304 0.632801307190296 2
"320" 6 3 0.5 16 0.956 0.632742815480379 2
"321" 6 1 0.7 1 0.9306 0.632712791142797 2
"322" 8 1 0.3 32 0.931 0.632691805542767 2
"323" 7 3 0.5 1024 0.956 0.632683647021398 2
"324" 7 3 0.6 8 0.9559 0.632567560731431 2
"325" 8 3 0.7 4 0.9557 0.632557410225178 2
"326" 6 1 0.7 512 0.9307 0.632518189304823 2
"327" 6 3 0.5 2 0.9549 0.632495305288892 2
"328" 5 3 0.6 1024 0.9559 0.632494955208565 2
"329" 6 3 0.8 64 0.956 0.632472268472865 2
"330" 8 3 0.5 0.5 0.9526 0.63246040649624 2
"331" 8 3 0.3 512 0.9559 0.632445045350905 2
"332" 8 3 0.5 1 0.9542 0.632356235012252 2
"333" 6 3 0.5 1 0.9539 0.632307430733497 2
"334" 8 1 0.4 1 0.9308 0.63229672285508 2
"335" 6 3 0.7 256 0.9559 0.632288354351696 2
"336" 8 3 0.2 256 0.9558 0.632273368008072 2
"337" 8 1 0.4 0.25 0.9305 0.632256872206572 2
"338" 6 3 0.9 1024 0.9559 0.632244078482807 2
"339" 8 1 0.5 0.25 0.9304 0.632213549090411 2
"340" 8 2 0.3 512 0.9465 0.63217789707594 2
"341" 6 3 0.8 32 0.9559 0.632175457555179 2
"342" 7 3 0.5 256 0.9558 0.632171383840679 2
"343" 8 3 0.5 2 0.955 0.632168360743668 2
"344" 6 1 0.2 2 0.9306 0.632146507177836 2
"345" 6 3 0.8 4 0.9555 0.63205934864058 2
"346" 5 3 0.6 32 0.956 0.632051603784133 2
"347" 5 3 0.6 512 0.9559 0.63200389521009 2
"348" 8 3 0.6 1 0.9544 0.631983331616689 2
"349" 6 3 0.8 256 0.956 0.631981589057343 2
"350" 6 1 0.5 0.25 0.9305 0.631903678060615 2
"351" 6 3 0.7 4 0.9556 0.631899204732791 2
"352" 6 3 0.7 32 0.9559 0.631888781135641 2
"353" 8 2 0.1 2 0.9451 0.631883766018985 2
"354" 6 3 0.8 128 0.956 0.631865864396296 2
"355" 6 1 0.7 1024 0.9307 0.631862945666367 2
"356" 8 3 0.9 0.5 0.9532 0.631788776284238 2
"357" 7 3 0.5 128 0.9559 0.631771924501593 2
"358" 8 1 0.7 0.25 0.9303 0.631708400634062 2
"359" 6 3 0.7 2 0.9551 0.631688314543391 2
"360" 6 3 0.4 0.5 0.9524 0.631679983270297 2
"361" 6 1 0.2 256 0.9305 0.631659060598841 2
"362" 6 3 0.7 128 0.9559 0.631646801820568 2
"363" 6 3 0.8 16 0.9559 0.631642637354993 2
"364" 8 1 0.4 0.5 0.9307 0.631624438006501 2
"365" 8 1 0.3 16 0.931 0.631556465408456 2
"366" 8 3 0.8 1 0.9544 0.631538514793412 2
"367" 8 3 0.9 1024 0.9557 0.631476752106673 2
"368" 7 3 0.5 64 0.9559 0.631454248650501 2
"369" 8 1 0.3 4 0.9309 0.63142172643114 2
"370" 8 3 0.7 1 0.9544 0.631403694117755 2
"371" 6 3 0.9 64 0.9559 0.631402316979995 2
"372" 6 2 0.7 8 0.9465 0.63138591560983 2
"373" 8 3 0.4 1 0.9539 0.631382378677822 2
"374" 6 3 0.7 16 0.9559 0.63136201513871 2
"375" 6 3 0.4 16 0.9558 0.631352325708093 2
"376" 8 3 0.2 1024 0.9557 0.631316044684715 2
"377" 6 2 0.9 2 0.9462 0.631314348889983 2
"378" 8 2 0.3 256 0.9465 0.631293435153886 2
"379" 6 3 0.9 512 0.9559 0.631273214427649 2
"380" 6 3 0.4 32 0.9559 0.631223976714726 2
"381" 6 2 0.8 2 0.9462 0.631178943743612 2
"382" 8 2 0.8 0.25 0.9443 0.631155805123106 2
"383" 6 3 0.4 4 0.9553 0.631144612462453 2
"384" 5 3 0.6 8 0.956 0.631138641019101 2
"385" 8 3 0.3 64 0.9559 0.631127780507727 2
"386" 6 3 0.9 128 0.9559 0.631125416337076 2
"387" 6 3 0.5 0.5 0.9525 0.631112434059459 2
"388" 8 2 0.4 8 0.9464 0.631095863830141 2
"389" 6 2 0.7 4 0.9464 0.631095435796066 2
"390" 6 2 0.6 2 0.9462 0.631094553347775 2
"391" 8 3 0.3 8 0.9557 0.631034287281643 2
"392" 6 1 0.7 0.25 0.9303 0.631023967157594 2
"393" 5 2 0.8 16 0.9467 0.631004303258128 2
"394" 6 3 0.4 8 0.9557 0.630983355159123 2
"395" 6 1 0.8 0.25 0.9302 0.630944090952638 2
"396" 6 3 0.8 8 0.9558 0.630860380432343 2
"397" 6 2 0.9 1 0.9459 0.630856791905444 2
"398" 6 1 0.6 0.25 0.9302 0.630852401832667 2
"399" 6 2 0.8 16 0.9466 0.630850586313258 2
"400" 6 2 0.8 32 0.9466 0.630849732149997 2
"401" 6 3 0.9 256 0.9559 0.630849191166345 2
"402" 7 3 0.7 512 0.9559 0.630837044511589 2
"403" 6 2 0.7 16 0.9466 0.630824514822188 2
"404" 6 3 0.7 64 0.9559 0.630776927332193 2
"405" 7 3 0.5 4 0.9555 0.630748415478158 2
"406" 6 3 0.9 32 0.9559 0.630738679132478 2
"407" 8 3 0.8 0.25 0.9499 0.630731216926767 2
"408" 6 3 0.7 8 0.9558 0.630728967570962 2
"409" 8 3 0.3 256 0.9558 0.630687991221657 2
"410" 7 1 0.4 1024 0.9308 0.63062715359848 2
"411" 6 2 0.8 8 0.9466 0.630583180099552 2
"412" 6 3 0.7 1024 0.9559 0.630567357665466 2
"413" 6 3 0.9 16 0.9558 0.630542236409697 2
"414" 7 3 0.7 32 0.9559 0.630505558538506 2
"415" 7 1 0.4 10000 0.9303 0.630495143797699 2
"416" 6 2 0.7 1 0.9459 0.630490297025899 2
"417" 8 2 0.1 1 0.9437 0.630480965171935 2
"418" 6 2 0.9 4 0.9465 0.630438227536196 2
"419" 6 3 0.8 2 0.9551 0.630416041335155 2
"420" 5 2 0.7 64 0.9467 0.630396395932462 2
"421" 6 1 0.3 0.5 0.9304 0.630383063825635 2
"422" 8 3 0.3 16 0.9558 0.630382703254959 2
"423" 7 3 0.5 32 0.9559 0.630373290416666 2
"424" 6 2 0.8 4 0.9465 0.630360102812518 2
"425" 7 3 0.4 64 0.956 0.630353046190185 2
"426" 8 2 0.5 512 0.9466 0.630323711444404 2
"427" 6 2 0.8 1024 0.9466 0.630313130225114 2
"428" 8 1 0.3 8 0.9309 0.630309773642733 2
"429" 7 3 0.7 64 0.9559 0.630297874622677 2
"430" 6 1 0.2 1024 0.9305 0.630290749803659 2
"431" 5 1 0.4 32 0.9311 0.630261459878864 2
"432" 8 2 0.5 64 0.9466 0.630260544340171 2
"433" 6 1 0.2 512 0.9305 0.630253928155271 2
"434" 6 3 0.3 1024 0.9559 0.630250850793677 2
"435" 6 2 0.9 0.5 0.9453 0.630250393325531 2
"436" 6 1 0.2 4 0.9306 0.630238019486265 2
"437" 5 2 0.7 8 0.9466 0.630222831448734 2
"438" 7 3 0.7 256 0.9559 0.630220354975145 2
"439" 6 1 0.9 0.25 0.9302 0.630214451067489 2
"440" 6 2 0.6 1 0.9459 0.630205909097114 2
"441" 5 3 0.7 128 0.956 0.630203320127917 2
"442" 7 3 0.7 128 0.9559 0.630193165611799 2
"443" 6 2 0.7 0.5 0.9455 0.630187838213809 2
"444" 7 3 0.4 128 0.956 0.630184181677746 2
"445" 8 2 0.5 32 0.9465 0.63009160972294 2
"446" 8 3 0.6 0.5 0.9527 0.630083616941752 2
"447" 8 3 0.5 0.25 0.9493 0.630083151912866 2
"448" 8 3 0.9 0.25 0.9503 0.630055847571013 2
"449" 5 3 0.5 4 0.9556 0.630024291224233 2
"450" 5 2 0.7 1024 0.9466 0.630002176160666 2
"451" 6 2 0.7 128 0.9466 0.629995242974947 2
"452" 5 2 0.8 8 0.9467 0.629970012339335 2
"453" 5 3 0.7 32 0.956 0.629955530828325 2
"454" 5 2 0.8 32 0.9467 0.629946534935429 2
"455" 5 2 0.7 16 0.9466 0.629921818076467 2
"456" 5 3 0.7 256 0.956 0.629903095904692 2
"457" 6 2 0.6 0.5 0.9453 0.629875834314615 2
"458" 6 3 0.7 1 0.9542 0.629869894149748 2
"459" 8 2 0.9 0.25 0.9442 0.629867834921385 2
"460" 5 2 0.8 1024 0.9466 0.629866543201218 2
"461" 5 1 0.4 128 0.9311 0.629861429392091 2
"462" 8 2 0.6 0.5 0.9452 0.629854894153643 2
"463" 6 2 0.8 0.5 0.9454 0.629840130973595 2
"464" 7 3 0.4 512 0.956 0.629813147168656 2
"465" 8 3 0.4 0.5 0.9522 0.629793284862947 2
"466" 5 3 0.5 1024 0.9559 0.629792449856866 2
"467" 5 2 0.9 2 0.9464 0.62979142510471 2
"468" 6 2 0.8 64 0.9466 0.629784347023561 2
"469" 7 3 0.4 256 0.956 0.629777320411541 2
"470" 6 3 0.6 0.5 0.9527 0.62976381824564 2
"471" 8 2 0.3 1024 0.9465 0.629760053540384 2
"472" 5 2 0.8 4 0.9466 0.629754678162088 2
"473" 5 3 0.7 512 0.9559 0.629746239430141 2
"474" 6 3 0.4 64 0.956 0.629746127042704 2
"475" 7 3 0.5 16 0.9559 0.629737167118833 2
"476" 6 2 0.7 2 0.9462 0.629734479921585 2
"477" 6 3 0.9 2 0.9549 0.629692650721694 2
"478" 6 2 0.7 32 0.9466 0.629683088511924 2
"479" 5 2 0.7 512 0.9466 0.629671514640236 2
"480" 5 1 0.4 64 0.9311 0.629652307593425 2
"481" 8 3 0.2 128 0.9558 0.629647548135667 2
"482" 6 3 0.9 1 0.9543 0.629645174135186 2
"483" 8 2 0.3 8 0.9463 0.629641193207691 2
"484" 5 1 0.4 1024 0.9311 0.629634901404939 2
"485" 5 2 0.8 512 0.9466 0.629619849020183 2
"486" 8 2 0.5 128 0.9466 0.629604666391657 2
"487" 6 2 0.7 256 0.9466 0.629603840849435 2
"488" 8 3 0.3 4 0.9554 0.629601179874391 2
"489" 6 2 0.7 64 0.9466 0.62959467720401 2
"490" 8 3 0.3 128 0.9558 0.629586504132582 2
"491" 8 2 0.5 8 0.9465 0.629576180133279 2
"492" 5 1 0.4 512 0.9311 0.629575774813913 2
"493" 7 3 0.5 8 0.9557 0.629556500886581 2
"494" 6 2 0.8 1 0.9458 0.629525376412896 2
"495" 5 2 0.8 2 0.9463 0.629523334777474 2
"496" 6 3 0.6 1 0.9541 0.629519103368772 2
"497" 8 3 0.6 0.25 0.9502 0.629505122067366 2
"498" 6 3 0.5 0.25 0.9495 0.629466688918193 2
"499" 8 2 0.5 256 0.9466 0.629466566549416 2
"500" 6 1 0.2 64 0.9305 0.629453004352906 2
